                          [38;2;125;200;225m▓▓▓[0m                          
                         [38;2;125;200;225m▓▓▓▓▓[0m                         
                   [38;2;125;200;225m▓▓[0m    [38;2;125;175;250m▒[38;2;125;200;225m▓▓▓[38;2;125;175;250m▒[0m    [38;2;125;200;225m▓▓[0m                   
                  [38;2;175;175;250m▒[38;2;125;175;250m▒▒[38;2;175;175;250m▒[0m   [38;2;125;175;250m▒▒▒▒▒[0m   [38;2;175;175;250m▒[38;2;125;175;250m▒▒[38;2;175;175;250m▒[0m                  
             [38;2;125;200;225m▓▓[38;2;125;175;250m▒[38;2;175;175;250m▒[38;2;200;150;225m▒▒[38;2;175;175;250m▒▒[38;2;125;175;250m▒[0m   [38;2;125;175;250m▒[38;2;125;200;225m▓[38;2;125;175;250m▒[38;2;125;200;225m▓[38;2;125;175;250m▒[0m   [38;2;125;175;250m▒[38;2;175;175;250m▒▒[38;2;200;150;225m▒▒[38;2;175;175;250m▒[38;2;125;175;250m▒[38;2;125;200;225m▓▓[0m             
              [38;2;175;175;250m▒▒▒[38;2;125;175;250m▒[38;2;175;175;250m▒[38;2;125;175;250m▒▒[38;2;175;175;250m▒[0m   [38;2;125;175;250m▒[38;2;125;200;225m▓[38;2;125;175;250m▒[38;2;125;200;225m▓[38;2;125;175;250m▒[0m   [38;2;175;175;250m▒[38;2;125;175;250m▒▒[38;2;175;175;250m▒[38;2;125;175;250m▒[38;2;175;175;250m▒▒▒[0m              
      [38;2;125;200;225m▓▓▓▓[38;2;125;175;250m▒▒[0m     [38;2;175;175;250m▒▒▒▒[0m    [38;2;125;175;250m▒[38;2;125;200;225m▓[38;2;125;175;250m▒[38;2;125;200;225m▓[38;2;125;175;250m▒[0m    [38;2;175;175;250m▒▒▒▒[0m     [38;2;125;175;250m▒▒[38;2;125;200;225m▓▓▓▓[0m      
      [38;2;125;200;225m▓▓▓▓▓[38;2;125;175;250m▒▒▒▒[0m          [38;2;125;175;250m▒[38;2;125;200;225m▓[38;2;125;175;250m▒[38;2;125;200;225m▓[38;2;125;175;250m▒[0m          [38;2;125;175;250m▒▒▒▒[38;2;125;200;225m▓▓▓▓▓[0m      
        [38;2;125;175;250m▒▒▒▒[38;2;125;200;225m▓▓▓[38;2;125;175;250m▒▒▒▒[0m      [38;2;125;175;250m▒[38;2;125;200;225m▓[38;2;125;175;250m▒[38;2;125;200;225m▓[38;2;125;175;250m▒[0m      [38;2;125;175;250m▒▒▒▒[38;2;125;200;225m▓▓▓[38;2;125;175;250m▒▒▒▒[0m        
           [38;2;125;175;250m▒▒▒▒▒[38;2;125;200;225m▓▓[38;2;125;175;250m▒▒▒▒[38;2;175;175;250m▒▒▒▒▒▒▒▒▒▒▒[38;2;125;175;250m▒▒▒▒[38;2;125;200;225m▓▓[38;2;125;175;250m▒▒▒▒▒[0m           
     [38;2;125;200;225m▓▓▓[38;2;175;175;250m▒[38;2;125;175;250m▒[0m     [38;2;125;175;250m▒▒▒▒[38;2;125;200;225m▓▓[38;2;175;175;250m▒▒▒▒▒▒▒▒▒▒▒▒▒[38;2;125;200;225m▓▓[38;2;125;175;250m▒▒▒▒[0m     [38;2;125;175;250m▒[38;2;175;175;250m▒[38;2;125;200;225m▓▓▓[0m     
      [38;2;125;200;225m▓[38;2;125;175;250m▒[38;2;175;175;250m▒▒▒▒▒[0m     [38;2;125;175;250m▒▒[38;2;175;175;250m▒▒▒▒[38;2;125;175;250m▒▒[38;2;175;175;250m▒▒▒[38;2;125;175;250m▒▒[38;2;175;175;250m▒▒▒▒[38;2;125;175;250m▒▒[0m     [38;2;175;175;250m▒▒▒▒▒[38;2;125;175;250m▒[38;2;125;200;225m▓[0m      
        [38;2;200;150;225m▒[38;2;175;175;250m▒▒[38;2;125;175;250m▒[38;2;175;175;250m▒[0m       [38;2;175;175;250m▒▒▒[38;2;200;150;225m▒[38;2;175;175;250m▒[0m [38;2;125;175;250m▒[38;2;125;200;225m▓[38;2;125;175;250m▒[0m [38;2;175;175;250m▒[38;2;200;150;225m▒[38;2;175;175;250m▒▒▒[0m       [38;2;175;175;250m▒[38;2;125;175;250m▒[38;2;175;175;250m▒▒[38;2;200;150;225m▒[0m        
      [38;2;125;200;225m▓[38;2;125;175;250m▒[38;2;175;175;250m▒▒▒▒▒[0m     [38;2;125;175;250m▒▒[38;2;175;175;250m▒▒▒▒[38;2;125;175;250m▒▒[38;2;175;175;250m▒▒▒[38;2;125;175;250m▒▒[38;2;175;175;250m▒▒▒▒[38;2;125;175;250m▒▒[0m     [38;2;175;175;250m▒▒▒▒▒[38;2;125;175;250m▒[38;2;125;200;225m▓[0m      
     [38;2;125;200;225m▓▓▓[38;2;175;175;250m▒[38;2;125;175;250m▒[0m     [38;2;125;175;250m▒▒▒▒[38;2;125;200;225m▓▓[38;2;175;175;250m▒▒▒▒▒▒▒▒▒▒▒▒▒[38;2;125;200;225m▓▓[38;2;125;175;250m▒▒▒▒[0m     [38;2;125;175;250m▒[38;2;175;175;250m▒[38;2;125;200;225m▓▓▓[0m     
           [38;2;125;175;250m▒▒▒▒▒[38;2;125;200;225m▓▓[38;2;125;175;250m▒▒▒▒[38;2;175;175;250m▒▒▒▒▒▒▒▒▒▒▒[38;2;125;175;250m▒▒▒▒[38;2;125;200;225m▓▓[38;2;125;175;250m▒▒▒▒▒[0m           
        [38;2;125;175;250m▒▒▒▒[38;2;125;200;225m▓▓▓[38;2;125;175;250m▒▒▒▒[0m      [38;2;125;175;250m▒[38;2;125;200;225m▓[38;2;125;175;250m▒[38;2;125;200;225m▓[38;2;125;175;250m▒[0m      [38;2;125;175;250m▒▒▒▒[38;2;125;200;225m▓▓▓[38;2;125;175;250m▒▒▒▒[0m        
      [38;2;125;200;225m▓▓▓▓▓[38;2;125;175;250m▒▒▒▒[0m          [38;2;125;175;250m▒[38;2;125;200;225m▓[38;2;125;175;250m▒[38;2;125;200;225m▓[38;2;125;175;250m▒[0m          [38;2;125;175;250m▒▒▒▒[38;2;125;200;225m▓▓▓▓▓[0m      
      [38;2;125;200;225m▓▓▓▓[38;2;125;175;250m▒▒[0m     [38;2;175;175;250m▒▒▒▒[0m    [38;2;125;175;250m▒[38;2;125;200;225m▓[38;2;125;175;250m▒[38;2;125;200;225m▓[38;2;125;175;250m▒[0m    [38;2;175;175;250m▒▒▒▒[0m     [38;2;125;175;250m▒▒[38;2;125;200;225m▓▓▓▓[0m      
              [38;2;175;175;250m▒▒▒[38;2;125;175;250m▒[38;2;175;175;250m▒[38;2;125;175;250m▒▒[38;2;175;175;250m▒[0m   [38;2;125;175;250m▒[38;2;125;200;225m▓[38;2;125;175;250m▒[38;2;125;200;225m▓[38;2;125;175;250m▒[0m   [38;2;175;175;250m▒[38;2;125;175;250m▒▒[38;2;175;175;250m▒[38;2;125;175;250m▒[38;2;175;175;250m▒▒▒[0m              
             [38;2;125;200;225m▓▓[38;2;125;175;250m▒[38;2;175;175;250m▒[38;2;200;150;225m▒▒[38;2;175;175;250m▒▒[38;2;125;175;250m▒[0m   [38;2;125;175;250m▒[38;2;125;200;225m▓[38;2;125;175;250m▒[38;2;125;200;225m▓[38;2;125;175;250m▒[0m   [38;2;125;175;250m▒[38;2;175;175;250m▒▒[38;2;200;150;225m▒▒[38;2;175;175;250m▒[38;2;125;175;250m▒[38;2;125;200;225m▓▓[0m             
                  [38;2;175;175;250m▒[38;2;125;175;250m▒▒[38;2;175;175;250m▒[0m   [38;2;125;175;250m▒▒▒▒▒[0m   [38;2;175;175;250m▒[38;2;125;175;250m▒▒[38;2;200;150;225m▒[0m                  
                   [38;2;125;200;225m▓▓[0m    [38;2;125;175;250m▒[38;2;125;200;225m▓▓▓[38;2;125;175;250m▒[0m    [38;2;125;200;225m▓▓[0m                   
                         [38;2;125;200;225m▓▓▓▓▓[0m                         
                          [38;2;125;200;225m▓▓▓[0m                          
